0
2 4
15 17
6
0 0 19 0
19 0 19 19
19 19 11 19
11 19 11 8
11 8 0 8
0 8 0 0
0
0
1
-1 -1 20 -1 20 20 10 20 10 9 -1 9
0
1
0 0 19 0 19 19 11 19 11 8 0 8
1
13 2 16 2 16 5 13 5
1
12 11 15 11 16 13 15 15 12 15 11 13






------------------------------
0
7 15
50 5
22
0 0 54 0
54 0 54 6
54 6 44 6
44 6 44 8
44 8 54 8
54 8 54 16
54 16 48 16
48 16 48 18
36 18 36 16
36 16 24 16
24 16 24 18
16 18 16 16
16 16 0 16
0 16 0 0
20 4 22 4
22 4 22 10
22 10 20 10
20 10 20 4
32 10 38 10
38 10 38 12
38 12 32 12
32 12 32 10
0
0
1
-1 0 55 0 55 18 -1 18
6
20 4 22 4 22 10 20 10
32 10 38 10 38 12 32 12
44 6 54 6 54 8 44 8
0 16 16 16 16 18 0 18
24 16 36 16 36 18 24 18
48 16 54 16 54 18 48 18
1
0 0 54 0 54 18 0 18
0
0