0
2 3
2 18
72
0 0 5 0
5 0 5 2
5 2 6 2
6 2 6 0
6 0 13 0
13 0 13 2
13 2 14 2
14 2 14 0
14 0 19 0
19 0 19 8
19 8 17 8
17 8 17 9
17 9 19 9
19 9 19 11
19 11 15 11
15 11 15 9
15 9 14 9
14 9 14 11
14 11 9 11
9 11 9 9
9 9 8 9
8 9 8 11
8 11 3 11
3 11 3 12
3 12 19 12
19 12 19 19
19 19 16 19
16 19 16 17
16 17 15 17
15 17 15 19
15 19 8 19
8 19 8 17
8 17 7 17
7 17 7 19
7 19 0 19
0 19 0 16
0 16 11 16
11 16 11 18
11 18 12 18
12 18 12 16
12 16 16 16
16 16 16 15
16 15 0 15
0 15 0 7
0 7 5 7
5 7 5 9
5 9 6 9
6 9 6 7
6 7 11 7
11 7 11 9
11 9 12 9
12 9 12 7
12 7 15 7
15 7 15 6
15 6 10 6
10 6 10 4
10 4 9 4
9 4 9 6
9 6 0 6
0 6 0 0
2 13 4 13
4 13 4 14
4 14 2 14
2 14 2 13
8 13 10 13
10 13 10 14
10 14 8 14
8 14 8 13
14 13 16 13
16 13 16 14
16 14 14 14
14 14 14 13
4
3 4 6 4
8 2 11 2
9 12 6 12
9 14 12 14
2
17 2
18 18
1
-1 -1 20 -1 20 20 -1 20
11
5 0 5 2 6 2 6 0
13 0 13 2 14 2 14 0
19 8 17 8 17 9 19 9
19 11 15 11 15 9 14 9 14 11 9 11 9 9 8 9 8 11 3 11 3 12 19 12
16 19 16 17 15 17 15 19
8 19 8 17 7 17 7 19
0 16 11 16 11 18 12 18 12 16 16 16 16 15 0 15
0 7 5 7 5 9 6 9 6 7 11 7 11 9 12 9 12 7 15 7 15 6 10 6 10 4 9 4 9 6 0 6
2 13 4 13 4 14 2 14
8 13 10 13 10 14 8 14
14 13 16 13 16 14 14 14
1
0 0 19 0 19 19 0 19
2
0 8 2 8 2 11 0 11
4 16 4 16 6 19 4 19
1
16 3 19 3 19 6 16 6