1
5 15
49 15
20
0 0 58 0
58 0 58 18
54 18 54 16
54 16 44 16
44 16 44 18
10 18 10 16
10 16 0 16
0 16 0 0
14 10 20 10
20 10 20 12
20 12 14 12
14 12 14 10
24 4 30 4
30 4 30 6
30 6 24 6
24 6 24 4
34 10 40 10
40 10 40 12
40 12 34 12
34 12 34 10
0
3
9 7
27 13
44 7
1
-1 -1 59 -1 59 18 -1 18
5
0 16 10 16 10 18 0 18
14 10 20 10 20 12 14 12
24 4 30 4 30 6 24 6
34 10 40 10 40 12 34 12
44 16 54 16 54 18 44 18
1
0 0 58 0 58 18 0 18
0
0
7
17 9 1
21 6 1
27 3 1
33 6 1
37 9 1
27 8 2
20 15 3 
0
0