0
5 42
21 5
31
0 0 26 0
26 0 26 6
26 6 16 6
16 6 16 8
16 8 26 8
26 8 26 25
26 25 16 25
16 25 16 27
16 27 26 27
26 27 26 43
26 43 18 43
18 43 18 45
12 45 12 35
12 35 18 35
18 35 18 33
18 33 10 33
10 33 10 43
10 43 0 43
0 43 0 16
0 16 10 16
10 16 10 14
10 14 0 14
0 14 0 0
17 13 19 13
19 13 19 19
19 19 17 19
17 19 17 13
9 20 11 20
11 20 11 26
11 26 9 26
9 26 9 20
0
3
23 11
5 22
23 38
1
-1 -1 27 -1 27 45 -1 45
7
16 6 26 6 26 8 16 8
0 14 10 14 10 16 0 16
17 13 19 13 19 19 17 19
9 20 11 20 11 26 9 26
16 25 26 25 26 27 16 27
0 43 10 43 10 33 18 33 18 35 12 35 12 45 0 45
18 43 26 43 26 45 18 45
1
0 0 26 0 26 45 0 45
0
0
10
12 6 1
5 13 1
16 16 1
12 22 1
20 24 1
14 32 1
23 42 1
24 15 2
24 30 2
14 37 3
7
25 20
25 22
25 24
19 34
21 34
23 34
25 34
0