0
4 15
52 9
27
0 8 8 8
8 8 8 0
8 0 16 0
16 0 16 6
16 6 24 6
24 6 24 0
24 0 32 0
32 0 32 6
32 6 40 6
40 6 40 0
40 0 56 0
56 0 56 10
56 10 48 10
48 10 48 12
48 12 56 12
56 12 56 16
56 16 50 16
50 16 50 18
40 18 40 12
40 12 32 12
32 12 32 18
24 18 24 12
24 12 16 12
16 12 16 18
8 18 8 16
8 16 0 16
0 16 0 8
0
0
1
-1 -1 57 -1 57 18 -1 18
8
0 0 8 0 8 8 0 8
16 0 24 0 24 6 16 6
32 0 40 0 40 6 32 6
48 10 56 10 56 12 48 12
50 16 56 16 56 18 50 18
32 12 40 12 40 18 32 18
16 12 24 12 24 18 16 18
0 16 8 16 8 18 0 18
1
0 0 56 0 56 18 0 18
0
0
8
17 11 1
20 11 1
23 11 1
33 11 1
36 11 1
39 11 1
53 2 2
53 14 3
33
1 9
3 9
5 9
7 9
9 9
9 7
9 5
9 3
9 1
15 1
15 3
15 5
15 13
15 15
15 17
25 1
25 3
25 5
25 13
25 15
25 17
31 1
31 3
31 5
31 13
31 15
31 17
41 1
41 3
41 5
41 13
41 15
41 17
3
12 5 12 16
33 7 23 7
47 4 40 9 47 13