0
3 15
23 15
46
0 0 48 0
48 0 48 2
48 2 42 2
42 2 42 4
42 4 36 4
36 4 36 6
36 6 30 6
30 6 30 8
30 8 24 8
24 8 24 10
24 10 18 10
18 10 18 12
18 12 12 12
12 12 12 14
12 14 6 14
6 14 6 16
6 16 0 16
0 16 0 0
6 18 6 16
6 16 12 16
12 16 12 14
12 14 18 14
18 14 18 12
18 12 24 12
24 12 24 10
24 10 30 10
30 10 30 8
30 8 36 8
36 8 36 6
36 6 42 6
42 6 42 4
42 4 48 4
48 4 48 2
48 2 54 2
54 2 54 16
54 16 48 16
48 16 48 18
44 18 44 16
44 16 40 16
40 16 40 18
36 18 36 16
36 16 32 16
32 16 32 18
26 18 26 16
26 16 20 16
20 16 20 18
0
2
39 2
52 4
1
-1 -1 55 -1 55 18 -1 18
5
48 0 48 2 42 2 42 4 36 4 36 6 30 6 30 8 24 8 24 10 18 10 18 12 12 12 12 14 6 14 6 16 0 16 0 18 6 18 6 16 12 16 12 14 18 14 18 12 24 12 24 10 30 10 30 8 36 8 36 6 42 6 42 4 48 4 48 2 54 2 54 0
54 18 54 16 48 16 48 18
44 18 44 16 40 16 40 18
36 18 36 16 32 16 32 18
26 18 26 16 20 16 20 18
1
0 0 54 0 54 18 0 18
0
0
9
9 13 1
15 11 1
21 9 1
27 7 1
34 15 1
42 15 1
51 15 1
33 4 2
40 8 3
7
7 17
13 15
19 13
25 11
31 9
37 7
43 5
9
9 1 9 17
15 17 15 1
21 1 21 17
27 17 27 1
33 1 33 17
39 17 39 1
45 1 45 17
30 5 27 3 24 6 21 4 18 7 15 5 12 8 15 5 18 7 21 4 24 6 27 3
30 13 33 10 36 13 39 10 42 13 45 10 48 13 45 10 42 13 39 10 36 13 33 10