0
2 10
8 4
26
0 8 6 8
6 8 6 10
6 10 8 10
8 10 8 8
8 8 10 8
10 8 10 6
10 6 6 6
6 6 6 2
6 2 13 2
13 2 13 3
13 3 19 3
19 3 19 12
19 12 15 12
15 12 15 14
15 14 10 14
10 14 10 12
10 12 0 12
0 12 0 8
11 6 13 6
13 6 13 5
13 5 17 5
17 5 17 10
17 10 15 10
15 10 15 9
15 9 11 9
11 9 11 6
3
13 11 10 11
18 5 18 10
17 5 17 10
2
1 9
14 13
1
-1 7 7 7 7 9 7 9 7 7 8 7 8 7 5 7 5 1 14 1 14 2 20 2 20 13 16 13 16 15 9 15 9 13 -1 13
1
11 6 13 6 13 5 17 5 17 10 15 10 15 9 11 9
1
0 8 6 8 6 10 8 10 8 8 10 8 10 6 6 6 6 2 13 2 13 3 19 3 19 12 15 12 15 14 10 14 10 12 0 12
1
10 2 13 2 13 6 10 6
1
4 8 6 8 6 10 4 10