0
9 6
9 14
30
3 2 8 2
8 2 8 4
8 4 10 4
10 4 10 2
10 2 15 2
15 2 15 7
15 7 18 7
18 7 18 12
18 12 15 12
15 12 15 17
15 17 10 17
10 17 10 15
10 15 8 15
8 15 8 17
8 17 3 17
3 17 3 12
3 12 0 12
0 12 0 7
0 7 3 7
3 7 3 2
9 8 10 9
10 9 11 9
11 9 10 10
10 10 9 10
9 10 9 11
9 11 8 10
8 10 7 10
7 10 8 9
8 9 9 9
9 9 9 8
24
7 6 7 3
8 2 4 2
3 2 3 5
3 5 6 5
10 6 10 3
10 2 14 2
14 2 14 5
15 5 12 5
4 7 1 7
0 7 0 11
0 11 3 11
3 12 3 9
14 7 17 7
17 7 17 11
18 11 15 11
14 12 14 9
3 13 3 16
3 16 7 16
7 17 7 14
8 13 5 13
14 13 14 16
15 16 11 16
10 17 10 14
10 13 13 13
4
5 7
13 7
13 12
5 12
1
2 1 16 1 16 6 19 6 19 13 16 13 16 18 2 18 2 13 -1 13 -1 6 2 6
1
9 8 10 9 11 9 10 10 9 10 9 11 8 10 7 10 8 9 9 9
1
3 2 8 2 8 4 10 4 10 2 15 2 15 7 18 7 18 12 15 12 15 17 10 17 10 15 8 15 8 17 3 17 3 12 0 12 0 7 3 7
2
5 8 7 8 7 10 5 10
11 9 13 9 13 11 11 11
0